1312 3 0
1 0,0000 0,0000 0,0000
2 0,0000 0,0000 0,0000
3 0,0000 0,0000 0,0000
4 0,0000 0,0000 0,0000
5 0,0000 0,0000 0,0000
6 0,0000 0,0000 0,0000
7 0,0000 0,0000 0,0000
8 0,0000 0,0000 0,0000
9 0,0000 0,0000 0,0000
10 0,0000 0,0000 0,0000
11 0,0000 0,0000 0,0000
12 0,0000 0,0000 0,0000
13 0,0000 0,0000 0,0000
14 0,0000 0,0000 0,0000
15 0,0000 0,0000 0,0000
16 0,0000 0,0000 0,0000
17 0,0500 0,0000 0,0624
18 0,0500 0,0239 0,0577
19 0,0500 0,0441 0,0441
20 0,0500 0,0577 0,0239
21 0,0500 0,0624 0,0000
22 0,0500 0,0577 -0,0239
23 0,0500 0,0441 -0,0441
24 0,0500 0,0239 -0,0577
25 0,0500 0,0000 -0,0624
26 0,0500 -0,0239 -0,0577
27 0,0500 -0,0441 -0,0441
28 0,0500 -0,0577 -0,0239
29 0,0500 -0,0624 -0,0000
30 0,0500 -0,0577 0,0239
31 0,0500 -0,0441 0,0441
32 0,0500 -0,0239 0,0577
33 0,1000 0,0000 0,1175
34 0,1000 0,0450 0,1085
35 0,1000 0,0831 0,0831
36 0,1000 0,1085 0,0450
37 0,1000 0,1175 0,0000
38 0,1000 0,1085 -0,0450
39 0,1000 0,0831 -0,0831
40 0,1000 0,0450 -0,1085
41 0,1000 0,0000 -0,1175
42 0,1000 -0,0450 -0,1085
43 0,1000 -0,0831 -0,0831
44 0,1000 -0,1085 -0,0450
45 0,1000 -0,1175 -0,0000
46 0,1000 -0,1085 0,0450
47 0,1000 -0,0831 0,0831
48 0,1000 -0,0450 0,1085
49 0,1500 0,0000 0,1665
50 0,1500 0,0637 0,1538
51 0,1500 0,1177 0,1177
52 0,1500 0,1538 0,0637
53 0,1500 0,1665 0,0000
54 0,1500 0,1538 -0,0637
55 0,1500 0,1177 -0,1177
56 0,1500 0,0637 -0,1538
57 0,1500 0,0000 -0,1665
58 0,1500 -0,0637 -0,1538
59 0,1500 -0,1177 -0,1177
60 0,1500 -0,1538 -0,0637
61 0,1500 -0,1665 -0,0000
62 0,1500 -0,1538 0,0637
63 0,1500 -0,1177 0,1177
64 0,1500 -0,0637 0,1538
65 0,2000 0,0000 0,2105
66 0,2000 0,0805 0,1944
67 0,2000 0,1488 0,1488
68 0,2000 0,1944 0,0805
69 0,2000 0,2105 0,0000
70 0,2000 0,1944 -0,0805
71 0,2000 0,1488 -0,1488
72 0,2000 0,0805 -0,1944
73 0,2000 0,0000 -0,2105
74 0,2000 -0,0805 -0,1944
75 0,2000 -0,1488 -0,1488
76 0,2000 -0,1944 -0,0805
77 0,2000 -0,2105 -0,0000
78 0,2000 -0,1944 0,0805
79 0,2000 -0,1488 0,1488
80 0,2000 -0,0805 0,1944
81 0,2500 0,0000 0,2500
82 0,2500 0,0957 0,2310
83 0,2500 0,1768 0,1768
84 0,2500 0,2310 0,0957
85 0,2500 0,2500 0,0000
86 0,2500 0,2310 -0,0957
87 0,2500 0,1768 -0,1768
88 0,2500 0,0957 -0,2310
89 0,2500 0,0000 -0,2500
90 0,2500 -0,0957 -0,2310
91 0,2500 -0,1768 -0,1768
92 0,2500 -0,2310 -0,0957
93 0,2500 -0,2500 -0,0000
94 0,2500 -0,2310 0,0957
95 0,2500 -0,1768 0,1768
96 0,2500 -0,0957 0,2310
97 0,3000 0,0000 0,2856
98 0,3000 0,1093 0,2639
99 0,3000 0,2020 0,2020
100 0,3000 0,2639 0,1093
101 0,3000 0,2856 0,0000
102 0,3000 0,2639 -0,1093
103 0,3000 0,2020 -0,2020
104 0,3000 0,1093 -0,2639
105 0,3000 0,0000 -0,2856
106 0,3000 -0,1093 -0,2639
107 0,3000 -0,2020 -0,2020
108 0,3000 -0,2639 -0,1093
109 0,3000 -0,2856 -0,0000
110 0,3000 -0,2639 0,1093
111 0,3000 -0,2020 0,2020
112 0,3000 -0,1093 0,2639
113 0,3500 0,0000 0,3177
114 0,3500 0,1216 0,2935
115 0,3500 0,2247 0,2247
116 0,3500 0,2935 0,1216
117 0,3500 0,3177 0,0000
118 0,3500 0,2935 -0,1216
119 0,3500 0,2247 -0,2247
120 0,3500 0,1216 -0,2935
121 0,3500 0,0000 -0,3177
122 0,3500 -0,1216 -0,2935
123 0,3500 -0,2247 -0,2247
124 0,3500 -0,2935 -0,1216
125 0,3500 -0,3177 -0,0000
126 0,3500 -0,2935 0,1216
127 0,3500 -0,2247 0,2247
128 0,3500 -0,1216 0,2935
129 0,4000 0,0000 0,3466
130 0,4000 0,1326 0,3202
131 0,4000 0,2451 0,2451
132 0,4000 0,3202 0,1326
133 0,4000 0,3466 0,0000
134 0,4000 0,3202 -0,1326
135 0,4000 0,2451 -0,2451
136 0,4000 0,1326 -0,3202
137 0,4000 0,0000 -0,3466
138 0,4000 -0,1326 -0,3202
139 0,4000 -0,2451 -0,2451
140 0,4000 -0,3202 -0,1326
141 0,4000 -0,3466 -0,0000
142 0,4000 -0,3202 0,1326
143 0,4000 -0,2451 0,2451
144 0,4000 -0,1326 0,3202
145 0,4500 0,0000 0,3725
146 0,4500 0,1425 0,3441
147 0,4500 0,2634 0,2634
148 0,4500 0,3441 0,1425
149 0,4500 0,3725 0,0000
150 0,4500 0,3441 -0,1425
151 0,4500 0,2634 -0,2634
152 0,4500 0,1425 -0,3441
153 0,4500 0,0000 -0,3725
154 0,4500 -0,1425 -0,3441
155 0,4500 -0,2634 -0,2634
156 0,4500 -0,3441 -0,1425
157 0,4500 -0,3725 -0,0000
158 0,4500 -0,3441 0,1425
159 0,4500 -0,2634 0,2634
160 0,4500 -0,1425 0,3441
161 0,5000 0,0000 0,3956
162 0,5000 0,1514 0,3655
163 0,5000 0,2798 0,2798
164 0,5000 0,3655 0,1514
165 0,5000 0,3956 0,0000
166 0,5000 0,3655 -0,1514
167 0,5000 0,2798 -0,2798
168 0,5000 0,1514 -0,3655
169 0,5000 0,0000 -0,3956
170 0,5000 -0,1514 -0,3655
171 0,5000 -0,2798 -0,2798
172 0,5000 -0,3655 -0,1514
173 0,5000 -0,3956 -0,0000
174 0,5000 -0,3655 0,1514
175 0,5000 -0,2798 0,2798
176 0,5000 -0,1514 0,3655
177 0,5500 0,0000 0,4162
178 0,5500 0,1593 0,3845
179 0,5500 0,2943 0,2943
180 0,5500 0,3845 0,1593
181 0,5500 0,4162 0,0000
182 0,5500 0,3845 -0,1593
183 0,5500 0,2943 -0,2943
184 0,5500 0,1593 -0,3845
185 0,5500 0,0000 -0,4162
186 0,5500 -0,1593 -0,3845
187 0,5500 -0,2943 -0,2943
188 0,5500 -0,3845 -0,1593
189 0,5500 -0,4162 -0,0000
190 0,5500 -0,3845 0,1593
191 0,5500 -0,2943 0,2943
192 0,5500 -0,1593 0,3845
193 0,6000 0,0000 0,4343
194 0,6000 0,1662 0,4012
195 0,6000 0,3071 0,3071
196 0,6000 0,4012 0,1662
197 0,6000 0,4343 0,0000
198 0,6000 0,4012 -0,1662
199 0,6000 0,3071 -0,3071
200 0,6000 0,1662 -0,4012
201 0,6000 0,0000 -0,4343
202 0,6000 -0,1662 -0,4012
203 0,6000 -0,3071 -0,3071
204 0,6000 -0,4012 -0,1662
205 0,6000 -0,4343 -0,0000
206 0,6000 -0,4012 0,1662
207 0,6000 -0,3071 0,3071
208 0,6000 -0,1662 0,4012
209 0,6500 0,0000 0,4500
210 0,6500 0,1722 0,4157
211 0,6500 0,3182 0,3182
212 0,6500 0,4157 0,1722
213 0,6500 0,4500 0,0000
214 0,6500 0,4157 -0,1722
215 0,6500 0,3182 -0,3182
216 0,6500 0,1722 -0,4157
217 0,6500 0,0000 -0,4500
218 0,6500 -0,1722 -0,4157
219 0,6500 -0,3182 -0,3182
220 0,6500 -0,4157 -0,1722
221 0,6500 -0,4500 -0,0000
222 0,6500 -0,4157 0,1722
223 0,6500 -0,3182 0,3182
224 0,6500 -0,1722 0,4157
225 0,7000 0,0000 0,4635
226 0,7000 0,1774 0,4282
227 0,7000 0,3277 0,3277
228 0,7000 0,4282 0,1774
229 0,7000 0,4635 0,0000
230 0,7000 0,4282 -0,1774
231 0,7000 0,3277 -0,3277
232 0,7000 0,1774 -0,4282
233 0,7000 0,0000 -0,4635
234 0,7000 -0,1774 -0,4282
235 0,7000 -0,3277 -0,3277
236 0,7000 -0,4282 -0,1774
237 0,7000 -0,4635 -0,0000
238 0,7000 -0,4282 0,1774
239 0,7000 -0,3277 0,3277
240 0,7000 -0,1774 0,4282
241 0,7500 0,0000 0,4747
242 0,7500 0,1817 0,4386
243 0,7500 0,3357 0,3357
244 0,7500 0,4386 0,1817
245 0,7500 0,4747 0,0000
246 0,7500 0,4386 -0,1817
247 0,7500 0,3357 -0,3357
248 0,7500 0,1817 -0,4386
249 0,7500 0,0000 -0,4747
250 0,7500 -0,1817 -0,4386
251 0,7500 -0,3357 -0,3357
252 0,7500 -0,4386 -0,1817
253 0,7500 -0,4747 -0,0000
254 0,7500 -0,4386 0,1817
255 0,7500 -0,3357 0,3357
256 0,7500 -0,1817 0,4386
257 0,8000 0,0000 0,4839
258 0,8000 0,1852 0,4471
259 0,8000 0,3422 0,3422
260 0,8000 0,4471 0,1852
261 0,8000 0,4839 0,0000
262 0,8000 0,4471 -0,1852
263 0,8000 0,3422 -0,3422
264 0,8000 0,1852 -0,4471
265 0,8000 0,0000 -0,4839
266 0,8000 -0,1852 -0,4471
267 0,8000 -0,3422 -0,3422
268 0,8000 -0,4471 -0,1852
269 0,8000 -0,4839 -0,0000
270 0,8000 -0,4471 0,1852
271 0,8000 -0,3422 0,3422
272 0,8000 -0,1852 0,4471
273 0,8500 0,0000 0,4910
274 0,8500 0,1879 0,4536
275 0,8500 0,3472 0,3472
276 0,8500 0,4536 0,1879
277 0,8500 0,4910 0,0000
278 0,8500 0,4536 -0,1879
279 0,8500 0,3472 -0,3472
280 0,8500 0,1879 -0,4536
281 0,8500 0,0000 -0,4910
282 0,8500 -0,1879 -0,4536
283 0,8500 -0,3472 -0,3472
284 0,8500 -0,4536 -0,1879
285 0,8500 -0,4910 -0,0000
286 0,8500 -0,4536 0,1879
287 0,8500 -0,3472 0,3472
288 0,8500 -0,1879 0,4536
289 0,9000 0,0000 0,4960
290 0,9000 0,1898 0,4582
291 0,9000 0,3507 0,3507
292 0,9000 0,4582 0,1898
293 0,9000 0,4960 0,0000
294 0,9000 0,4582 -0,1898
295 0,9000 0,3507 -0,3507
296 0,9000 0,1898 -0,4582
297 0,9000 0,0000 -0,4960
298 0,9000 -0,1898 -0,4582
299 0,9000 -0,3507 -0,3507
300 0,9000 -0,4582 -0,1898
301 0,9000 -0,4960 -0,0000
302 0,9000 -0,4582 0,1898
303 0,9000 -0,3507 0,3507
304 0,9000 -0,1898 0,4582
305 0,9500 0,0000 0,4990
306 0,9500 0,1910 0,4610
307 0,9500 0,3528 0,3528
308 0,9500 0,4610 0,1910
309 0,9500 0,4990 0,0000
310 0,9500 0,4610 -0,1910
311 0,9500 0,3528 -0,3528
312 0,9500 0,1910 -0,4610
313 0,9500 0,0000 -0,4990
314 0,9500 -0,1910 -0,4610
315 0,9500 -0,3528 -0,3528
316 0,9500 -0,4610 -0,1910
317 0,9500 -0,4990 -0,0000
318 0,9500 -0,4610 0,1910
319 0,9500 -0,3528 0,3528
320 0,9500 -0,1910 0,4610
321 1,0000 0,0000 0,5000
322 1,0000 0,1913 0,4619
323 1,0000 0,3536 0,3536
324 1,0000 0,4619 0,1913
325 1,0000 0,5000 0,0000
326 1,0000 0,4619 -0,1913
327 1,0000 0,3536 -0,3536
328 1,0000 0,1913 -0,4619
329 1,0000 0,0000 -0,5000
330 1,0000 -0,1913 -0,4619
331 1,0000 -0,3536 -0,3536
332 1,0000 -0,4619 -0,1913
333 1,0000 -0,5000 -0,0000
334 1,0000 -0,4619 0,1913
335 1,0000 -0,3536 0,3536
336 1,0000 -0,1913 0,4619
337 1,0500 0,0000 0,5000
338 1,0500 0,1913 0,4619
339 1,0500 0,3536 0,3536
340 1,0500 0,4619 0,1913
341 1,0500 0,5000 0,0000
342 1,0500 0,4619 -0,1913
343 1,0500 0,3536 -0,3536
344 1,0500 0,1913 -0,4619
345 1,0500 0,0000 -0,5000
346 1,0500 -0,1913 -0,4619
347 1,0500 -0,3536 -0,3536
348 1,0500 -0,4619 -0,1913
349 1,0500 -0,5000 -0,0000
350 1,0500 -0,4619 0,1913
351 1,0500 -0,3536 0,3536
352 1,0500 -0,1913 0,4619
353 1,1000 0,0000 0,5000
354 1,1000 0,1913 0,4619
355 1,1000 0,3536 0,3536
356 1,1000 0,4619 0,1913
357 1,1000 0,5000 0,0000
358 1,1000 0,4619 -0,1913
359 1,1000 0,3536 -0,3536
360 1,1000 0,1913 -0,4619
361 1,1000 0,0000 -0,5000
362 1,1000 -0,1913 -0,4619
363 1,1000 -0,3536 -0,3536
364 1,1000 -0,4619 -0,1913
365 1,1000 -0,5000 -0,0000
366 1,1000 -0,4619 0,1913
367 1,1000 -0,3536 0,3536
368 1,1000 -0,1913 0,4619
369 1,1500 0,0000 0,5000
370 1,1500 0,1913 0,4619
371 1,1500 0,3536 0,3536
372 1,1500 0,4619 0,1913
373 1,1500 0,5000 0,0000
374 1,1500 0,4619 -0,1913
375 1,1500 0,3536 -0,3536
376 1,1500 0,1913 -0,4619
377 1,1500 0,0000 -0,5000
378 1,1500 -0,1913 -0,4619
379 1,1500 -0,3536 -0,3536
380 1,1500 -0,4619 -0,1913
381 1,1500 -0,5000 -0,0000
382 1,1500 -0,4619 0,1913
383 1,1500 -0,3536 0,3536
384 1,1500 -0,1913 0,4619
385 1,2000 0,0000 0,5000
386 1,2000 0,1913 0,4619
387 1,2000 0,3536 0,3536
388 1,2000 0,4619 0,1913
389 1,2000 0,5000 0,0000
390 1,2000 0,4619 -0,1913
391 1,2000 0,3536 -0,3536
392 1,2000 0,1913 -0,4619
393 1,2000 0,0000 -0,5000
394 1,2000 -0,1913 -0,4619
395 1,2000 -0,3536 -0,3536
396 1,2000 -0,4619 -0,1913
397 1,2000 -0,5000 -0,0000
398 1,2000 -0,4619 0,1913
399 1,2000 -0,3536 0,3536
400 1,2000 -0,1913 0,4619
401 1,2500 0,0000 0,5000
402 1,2500 0,1913 0,4619
403 1,2500 0,3536 0,3536
404 1,2500 0,4619 0,1913
405 1,2500 0,5000 0,0000
406 1,2500 0,4619 -0,1913
407 1,2500 0,3536 -0,3536
408 1,2500 0,1913 -0,4619
409 1,2500 0,0000 -0,5000
410 1,2500 -0,1913 -0,4619
411 1,2500 -0,3536 -0,3536
412 1,2500 -0,4619 -0,1913
413 1,2500 -0,5000 -0,0000
414 1,2500 -0,4619 0,1913
415 1,2500 -0,3536 0,3536
416 1,2500 -0,1913 0,4619
417 1,3000 0,0000 0,5000
418 1,3000 0,1913 0,4619
419 1,3000 0,3536 0,3536
420 1,3000 0,4619 0,1913
421 1,3000 0,5000 0,0000
422 1,3000 0,4619 -0,1913
423 1,3000 0,3536 -0,3536
424 1,3000 0,1913 -0,4619
425 1,3000 0,0000 -0,5000
426 1,3000 -0,1913 -0,4619
427 1,3000 -0,3536 -0,3536
428 1,3000 -0,4619 -0,1913
429 1,3000 -0,5000 -0,0000
430 1,3000 -0,4619 0,1913
431 1,3000 -0,3536 0,3536
432 1,3000 -0,1913 0,4619
433 1,3500 0,0000 0,5000
434 1,3500 0,1913 0,4619
435 1,3500 0,3536 0,3536
436 1,3500 0,4619 0,1913
437 1,3500 0,5000 0,0000
438 1,3500 0,4619 -0,1913
439 1,3500 0,3536 -0,3536
440 1,3500 0,1913 -0,4619
441 1,3500 0,0000 -0,5000
442 1,3500 -0,1913 -0,4619
443 1,3500 -0,3536 -0,3536
444 1,3500 -0,4619 -0,1913
445 1,3500 -0,5000 -0,0000
446 1,3500 -0,4619 0,1913
447 1,3500 -0,3536 0,3536
448 1,3500 -0,1913 0,4619
449 1,4000 0,0000 0,5000
450 1,4000 0,1913 0,4619
451 1,4000 0,3536 0,3536
452 1,4000 0,4619 0,1913
453 1,4000 0,5000 0,0000
454 1,4000 0,4619 -0,1913
455 1,4000 0,3536 -0,3536
456 1,4000 0,1913 -0,4619
457 1,4000 0,0000 -0,5000
458 1,4000 -0,1913 -0,4619
459 1,4000 -0,3536 -0,3536
460 1,4000 -0,4619 -0,1913
461 1,4000 -0,5000 -0,0000
462 1,4000 -0,4619 0,1913
463 1,4000 -0,3536 0,3536
464 1,4000 -0,1913 0,4619
465 1,4500 0,0000 0,5000
466 1,4500 0,1913 0,4619
467 1,4500 0,3536 0,3536
468 1,4500 0,4619 0,1913
469 1,4500 0,5000 0,0000
470 1,4500 0,4619 -0,1913
471 1,4500 0,3536 -0,3536
472 1,4500 0,1913 -0,4619
473 1,4500 0,0000 -0,5000
474 1,4500 -0,1913 -0,4619
475 1,4500 -0,3536 -0,3536
476 1,4500 -0,4619 -0,1913
477 1,4500 -0,5000 -0,0000
478 1,4500 -0,4619 0,1913
479 1,4500 -0,3536 0,3536
480 1,4500 -0,1913 0,4619
481 1,5000 0,0000 0,5000
482 1,5000 0,1913 0,4619
483 1,5000 0,3536 0,3536
484 1,5000 0,4619 0,1913
485 1,5000 0,5000 0,0000
486 1,5000 0,4619 -0,1913
487 1,5000 0,3536 -0,3536
488 1,5000 0,1913 -0,4619
489 1,5000 0,0000 -0,5000
490 1,5000 -0,1913 -0,4619
491 1,5000 -0,3536 -0,3536
492 1,5000 -0,4619 -0,1913
493 1,5000 -0,5000 -0,0000
494 1,5000 -0,4619 0,1913
495 1,5000 -0,3536 0,3536
496 1,5000 -0,1913 0,4619
497 1,5500 0,0000 0,5000
498 1,5500 0,1913 0,4619
499 1,5500 0,3536 0,3536
500 1,5500 0,4619 0,1913
501 1,5500 0,5000 0,0000
502 1,5500 0,4619 -0,1913
503 1,5500 0,3536 -0,3536
504 1,5500 0,1913 -0,4619
505 1,5500 0,0000 -0,5000
506 1,5500 -0,1913 -0,4619
507 1,5500 -0,3536 -0,3536
508 1,5500 -0,4619 -0,1913
509 1,5500 -0,5000 -0,0000
510 1,5500 -0,4619 0,1913
511 1,5500 -0,3536 0,3536
512 1,5500 -0,1913 0,4619
513 1,6000 0,0000 0,5000
514 1,6000 0,1913 0,4619
515 1,6000 0,3536 0,3536
516 1,6000 0,4619 0,1913
517 1,6000 0,5000 0,0000
518 1,6000 0,4619 -0,1913
519 1,6000 0,3536 -0,3536
520 1,6000 0,1913 -0,4619
521 1,6000 0,0000 -0,5000
522 1,6000 -0,1913 -0,4619
523 1,6000 -0,3536 -0,3536
524 1,6000 -0,4619 -0,1913
525 1,6000 -0,5000 -0,0000
526 1,6000 -0,4619 0,1913
527 1,6000 -0,3536 0,3536
528 1,6000 -0,1913 0,4619
529 1,6500 0,0000 0,5000
530 1,6500 0,1913 0,4619
531 1,6500 0,3536 0,3536
532 1,6500 0,4619 0,1913
533 1,6500 0,5000 0,0000
534 1,6500 0,4619 -0,1913
535 1,6500 0,3536 -0,3536
536 1,6500 0,1913 -0,4619
537 1,6500 0,0000 -0,5000
538 1,6500 -0,1913 -0,4619
539 1,6500 -0,3536 -0,3536
540 1,6500 -0,4619 -0,1913
541 1,6500 -0,5000 -0,0000
542 1,6500 -0,4619 0,1913
543 1,6500 -0,3536 0,3536
544 1,6500 -0,1913 0,4619
545 1,7000 0,0000 0,5000
546 1,7000 0,1913 0,4619
547 1,7000 0,3536 0,3536
548 1,7000 0,4619 0,1913
549 1,7000 0,5000 0,0000
550 1,7000 0,4619 -0,1913
551 1,7000 0,3536 -0,3536
552 1,7000 0,1913 -0,4619
553 1,7000 0,0000 -0,5000
554 1,7000 -0,1913 -0,4619
555 1,7000 -0,3536 -0,3536
556 1,7000 -0,4619 -0,1913
557 1,7000 -0,5000 -0,0000
558 1,7000 -0,4619 0,1913
559 1,7000 -0,3536 0,3536
560 1,7000 -0,1913 0,4619
561 1,7500 0,0000 0,5000
562 1,7500 0,1913 0,4619
563 1,7500 0,3536 0,3536
564 1,7500 0,4619 0,1913
565 1,7500 0,5000 0,0000
566 1,7500 0,4619 -0,1913
567 1,7500 0,3536 -0,3536
568 1,7500 0,1913 -0,4619
569 1,7500 0,0000 -0,5000
570 1,7500 -0,1913 -0,4619
571 1,7500 -0,3536 -0,3536
572 1,7500 -0,4619 -0,1913
573 1,7500 -0,5000 -0,0000
574 1,7500 -0,4619 0,1913
575 1,7500 -0,3536 0,3536
576 1,7500 -0,1913 0,4619
577 1,8000 0,0000 0,5000
578 1,8000 0,1913 0,4619
579 1,8000 0,3536 0,3536
580 1,8000 0,4619 0,1913
581 1,8000 0,5000 0,0000
582 1,8000 0,4619 -0,1913
583 1,8000 0,3536 -0,3536
584 1,8000 0,1913 -0,4619
585 1,8000 0,0000 -0,5000
586 1,8000 -0,1913 -0,4619
587 1,8000 -0,3536 -0,3536
588 1,8000 -0,4619 -0,1913
589 1,8000 -0,5000 -0,0000
590 1,8000 -0,4619 0,1913
591 1,8000 -0,3536 0,3536
592 1,8000 -0,1913 0,4619
593 1,8500 0,0000 0,5000
594 1,8500 0,1913 0,4619
595 1,8500 0,3536 0,3536
596 1,8500 0,4619 0,1913
597 1,8500 0,5000 0,0000
598 1,8500 0,4619 -0,1913
599 1,8500 0,3536 -0,3536
600 1,8500 0,1913 -0,4619
601 1,8500 0,0000 -0,5000
602 1,8500 -0,1913 -0,4619
603 1,8500 -0,3536 -0,3536
604 1,8500 -0,4619 -0,1913
605 1,8500 -0,5000 -0,0000
606 1,8500 -0,4619 0,1913
607 1,8500 -0,3536 0,3536
608 1,8500 -0,1913 0,4619
609 1,9000 0,0000 0,5000
610 1,9000 0,1913 0,4619
611 1,9000 0,3536 0,3536
612 1,9000 0,4619 0,1913
613 1,9000 0,5000 0,0000
614 1,9000 0,4619 -0,1913
615 1,9000 0,3536 -0,3536
616 1,9000 0,1913 -0,4619
617 1,9000 0,0000 -0,5000
618 1,9000 -0,1913 -0,4619
619 1,9000 -0,3536 -0,3536
620 1,9000 -0,4619 -0,1913
621 1,9000 -0,5000 -0,0000
622 1,9000 -0,4619 0,1913
623 1,9000 -0,3536 0,3536
624 1,9000 -0,1913 0,4619
625 1,9500 0,0000 0,5000
626 1,9500 0,1913 0,4619
627 1,9500 0,3536 0,3536
628 1,9500 0,4619 0,1913
629 1,9500 0,5000 0,0000
630 1,9500 0,4619 -0,1913
631 1,9500 0,3536 -0,3536
632 1,9500 0,1913 -0,4619
633 1,9500 0,0000 -0,5000
634 1,9500 -0,1913 -0,4619
635 1,9500 -0,3536 -0,3536
636 1,9500 -0,4619 -0,1913
637 1,9500 -0,5000 -0,0000
638 1,9500 -0,4619 0,1913
639 1,9500 -0,3536 0,3536
640 1,9500 -0,1913 0,4619
641 2,0000 0,0000 0,5000
642 2,0000 0,1913 0,4619
643 2,0000 0,3536 0,3536
644 2,0000 0,4619 0,1913
645 2,0000 0,5000 0,0000
646 2,0000 0,4619 -0,1913
647 2,0000 0,3536 -0,3536
648 2,0000 0,1913 -0,4619
649 2,0000 0,0000 -0,5000
650 2,0000 -0,1913 -0,4619
651 2,0000 -0,3536 -0,3536
652 2,0000 -0,4619 -0,1913
653 2,0000 -0,5000 -0,0000
654 2,0000 -0,4619 0,1913
655 2,0000 -0,3536 0,3536
656 2,0000 -0,1913 0,4619
657 2,0500 0,0000 0,4990
658 2,0500 0,1910 0,4611
659 2,0500 0,3529 0,3529
660 2,0500 0,4611 0,1910
661 2,0500 0,4990 0,0000
662 2,0500 0,4611 -0,1910
663 2,0500 0,3529 -0,3529
664 2,0500 0,1910 -0,4611
665 2,0500 0,0000 -0,4990
666 2,0500 -0,1910 -0,4611
667 2,0500 -0,3529 -0,3529
668 2,0500 -0,4611 -0,1910
669 2,0500 -0,4990 -0,0000
670 2,0500 -0,4611 0,1910
671 2,0500 -0,3529 0,3529
672 2,0500 -0,1910 0,4611
673 2,1000 0,0000 0,4962
674 2,1000 0,1899 0,4584
675 2,1000 0,3508 0,3508
676 2,1000 0,4584 0,1899
677 2,1000 0,4962 0,0000
678 2,1000 0,4584 -0,1899
679 2,1000 0,3508 -0,3508
680 2,1000 0,1899 -0,4584
681 2,1000 0,0000 -0,4962
682 2,1000 -0,1899 -0,4584
683 2,1000 -0,3508 -0,3508
684 2,1000 -0,4584 -0,1899
685 2,1000 -0,4962 -0,0000
686 2,1000 -0,4584 0,1899
687 2,1000 -0,3508 0,3508
688 2,1000 -0,1899 0,4584
689 2,1500 0,0000 0,4914
690 2,1500 0,1881 0,4540
691 2,1500 0,3475 0,3475
692 2,1500 0,4540 0,1881
693 2,1500 0,4914 0,0000
694 2,1500 0,4540 -0,1881
695 2,1500 0,3475 -0,3475
696 2,1500 0,1881 -0,4540
697 2,1500 0,0000 -0,4914
698 2,1500 -0,1881 -0,4540
699 2,1500 -0,3475 -0,3475
700 2,1500 -0,4540 -0,1881
701 2,1500 -0,4914 -0,0000
702 2,1500 -0,4540 0,1881
703 2,1500 -0,3475 0,3475
704 2,1500 -0,1881 0,4540
705 2,2000 0,0000 0,4849
706 2,2000 0,1856 0,4480
707 2,2000 0,3429 0,3429
708 2,2000 0,4480 0,1856
709 2,2000 0,4849 0,0000
710 2,2000 0,4480 -0,1856
711 2,2000 0,3429 -0,3429
712 2,2000 0,1856 -0,4480
713 2,2000 0,0000 -0,4849
714 2,2000 -0,1856 -0,4480
715 2,2000 -0,3429 -0,3429
716 2,2000 -0,4480 -0,1856
717 2,2000 -0,4849 -0,0000
718 2,2000 -0,4480 0,1856
719 2,2000 -0,3429 0,3429
720 2,2000 -0,1856 0,4480
721 2,2500 0,0000 0,4766
722 2,2500 0,1824 0,4403
723 2,2500 0,3370 0,3370
724 2,2500 0,4403 0,1824
725 2,2500 0,4766 0,0000
726 2,2500 0,4403 -0,1824
727 2,2500 0,3370 -0,3370
728 2,2500 0,1824 -0,4403
729 2,2500 0,0000 -0,4766
730 2,2500 -0,1824 -0,4403
731 2,2500 -0,3370 -0,3370
732 2,2500 -0,4403 -0,1824
733 2,2500 -0,4766 -0,0000
734 2,2500 -0,4403 0,1824
735 2,2500 -0,3370 0,3370
736 2,2500 -0,1824 0,4403
737 2,3000 0,0000 0,4666
738 2,3000 0,1786 0,4311
739 2,3000 0,3299 0,3299
740 2,3000 0,4311 0,1786
741 2,3000 0,4666 0,0000
742 2,3000 0,4311 -0,1786
743 2,3000 0,3299 -0,3299
744 2,3000 0,1786 -0,4311
745 2,3000 0,0000 -0,4666
746 2,3000 -0,1786 -0,4311
747 2,3000 -0,3299 -0,3299
748 2,3000 -0,4311 -0,1786
749 2,3000 -0,4666 -0,0000
750 2,3000 -0,4311 0,1786
751 2,3000 -0,3299 0,3299
752 2,3000 -0,1786 0,4311
753 2,3500 0,0000 0,4551
754 2,3500 0,1741 0,4204
755 2,3500 0,3218 0,3218
756 2,3500 0,4204 0,1741
757 2,3500 0,4551 0,0000
758 2,3500 0,4204 -0,1741
759 2,3500 0,3218 -0,3218
760 2,3500 0,1741 -0,4204
761 2,3500 0,0000 -0,4551
762 2,3500 -0,1741 -0,4204
763 2,3500 -0,3218 -0,3218
764 2,3500 -0,4204 -0,1741
765 2,3500 -0,4551 -0,0000
766 2,3500 -0,4204 0,1741
767 2,3500 -0,3218 0,3218
768 2,3500 -0,1741 0,4204
769 2,4000 0,0000 0,4421
770 2,4000 0,1692 0,4084
771 2,4000 0,3126 0,3126
772 2,4000 0,4084 0,1692
773 2,4000 0,4421 0,0000
774 2,4000 0,4084 -0,1692
775 2,4000 0,3126 -0,3126
776 2,4000 0,1692 -0,4084
777 2,4000 0,0000 -0,4421
778 2,4000 -0,1692 -0,4084
779 2,4000 -0,3126 -0,3126
780 2,4000 -0,4084 -0,1692
781 2,4000 -0,4421 -0,0000
782 2,4000 -0,4084 0,1692
783 2,4000 -0,3126 0,3126
784 2,4000 -0,1692 0,4084
785 2,4500 0,0000 0,4279
786 2,4500 0,1637 0,3953
787 2,4500 0,3025 0,3025
788 2,4500 0,3953 0,1637
789 2,4500 0,4279 0,0000
790 2,4500 0,3953 -0,1637
791 2,4500 0,3025 -0,3025
792 2,4500 0,1637 -0,3953
793 2,4500 0,0000 -0,4279
794 2,4500 -0,1637 -0,3953
795 2,4500 -0,3025 -0,3025
796 2,4500 -0,3953 -0,1637
797 2,4500 -0,4279 -0,0000
798 2,4500 -0,3953 0,1637
799 2,4500 -0,3025 0,3025
800 2,4500 -0,1637 0,3953
801 2,5000 0,0000 0,4125
802 2,5000 0,1579 0,3811
803 2,5000 0,2917 0,2917
804 2,5000 0,3811 0,1579
805 2,5000 0,4125 0,0000
806 2,5000 0,3811 -0,1579
807 2,5000 0,2917 -0,2917
808 2,5000 0,1579 -0,3811
809 2,5000 0,0000 -0,4125
810 2,5000 -0,1579 -0,3811
811 2,5000 -0,2917 -0,2917
812 2,5000 -0,3811 -0,1579
813 2,5000 -0,4125 -0,0000
814 2,5000 -0,3811 0,1579
815 2,5000 -0,2917 0,2917
816 2,5000 -0,1579 0,3811
817 2,5500 0,0000 0,3962
818 2,5500 0,1516 0,3660
819 2,5500 0,2801 0,2801
820 2,5500 0,3660 0,1516
821 2,5500 0,3962 0,0000
822 2,5500 0,3660 -0,1516
823 2,5500 0,2801 -0,2801
824 2,5500 0,1516 -0,3660
825 2,5500 0,0000 -0,3962
826 2,5500 -0,1516 -0,3660
827 2,5500 -0,2801 -0,2801
828 2,5500 -0,3660 -0,1516
829 2,5500 -0,3962 -0,0000
830 2,5500 -0,3660 0,1516
831 2,5500 -0,2801 0,2801
832 2,5500 -0,1516 0,3660
833 2,6000 0,0000 0,3791
834 2,6000 0,1451 0,3502
835 2,6000 0,2680 0,2680
836 2,6000 0,3502 0,1451
837 2,6000 0,3791 0,0000
838 2,6000 0,3502 -0,1451
839 2,6000 0,2680 -0,2680
840 2,6000 0,1451 -0,3502
841 2,6000 0,0000 -0,3791
842 2,6000 -0,1451 -0,3502
843 2,6000 -0,2680 -0,2680
844 2,6000 -0,3502 -0,1451
845 2,6000 -0,3791 -0,0000
846 2,6000 -0,3502 0,1451
847 2,6000 -0,2680 0,2680
848 2,6000 -0,1451 0,3502
849 2,6500 0,0000 0,3614
850 2,6500 0,1383 0,3339
851 2,6500 0,2555 0,2555
852 2,6500 0,3339 0,1383
853 2,6500 0,3614 0,0000
854 2,6500 0,3339 -0,1383
855 2,6500 0,2555 -0,2555
856 2,6500 0,1383 -0,3339
857 2,6500 0,0000 -0,3614
858 2,6500 -0,1383 -0,3339
859 2,6500 -0,2555 -0,2555
860 2,6500 -0,3339 -0,1383
861 2,6500 -0,3614 -0,0000
862 2,6500 -0,3339 0,1383
863 2,6500 -0,2555 0,2555
864 2,6500 -0,1383 0,3339
865 2,7000 0,0000 0,3433
866 2,7000 0,1314 0,3172
867 2,7000 0,2427 0,2427
868 2,7000 0,3172 0,1314
869 2,7000 0,3433 0,0000
870 2,7000 0,3172 -0,1314
871 2,7000 0,2427 -0,2427
872 2,7000 0,1314 -0,3172
873 2,7000 0,0000 -0,3433
874 2,7000 -0,1314 -0,3172
875 2,7000 -0,2427 -0,2427
876 2,7000 -0,3172 -0,1314
877 2,7000 -0,3433 -0,0000
878 2,7000 -0,3172 0,1314
879 2,7000 -0,2427 0,2427
880 2,7000 -0,1314 0,3172
881 2,7500 0,0000 0,3250
882 2,7500 0,1244 0,3003
883 2,7500 0,2298 0,2298
884 2,7500 0,3003 0,1244
885 2,7500 0,3250 0,0000
886 2,7500 0,3003 -0,1244
887 2,7500 0,2298 -0,2298
888 2,7500 0,1244 -0,3003
889 2,7500 0,0000 -0,3250
890 2,7500 -0,1244 -0,3003
891 2,7500 -0,2298 -0,2298
892 2,7500 -0,3003 -0,1244
893 2,7500 -0,3250 -0,0000
894 2,7500 -0,3003 0,1244
895 2,7500 -0,2298 0,2298
896 2,7500 -0,1244 0,3003
897 2,8000 0,0000 0,3067
898 2,8000 0,1174 0,2834
899 2,8000 0,2169 0,2169
900 2,8000 0,2834 0,1174
901 2,8000 0,3067 0,0000
902 2,8000 0,2834 -0,1174
903 2,8000 0,2169 -0,2169
904 2,8000 0,1174 -0,2834
905 2,8000 0,0000 -0,3067
906 2,8000 -0,1174 -0,2834
907 2,8000 -0,2169 -0,2169
908 2,8000 -0,2834 -0,1174
909 2,8000 -0,3067 -0,0000
910 2,8000 -0,2834 0,1174
911 2,8000 -0,2169 0,2169
912 2,8000 -0,1174 0,2834
913 2,8500 0,0000 0,2886
914 2,8500 0,1104 0,2666
915 2,8500 0,2041 0,2041
916 2,8500 0,2666 0,1104
917 2,8500 0,2886 0,0000
918 2,8500 0,2666 -0,1104
919 2,8500 0,2041 -0,2041
920 2,8500 0,1104 -0,2666
921 2,8500 0,0000 -0,2886
922 2,8500 -0,1104 -0,2666
923 2,8500 -0,2041 -0,2041
924 2,8500 -0,2666 -0,1104
925 2,8500 -0,2886 -0,0000
926 2,8500 -0,2666 0,1104
927 2,8500 -0,2041 0,2041
928 2,8500 -0,1104 0,2666
929 2,9000 0,0000 0,2709
930 2,9000 0,1037 0,2503
931 2,9000 0,1916 0,1916
932 2,9000 0,2503 0,1037
933 2,9000 0,2709 0,0000
934 2,9000 0,2503 -0,1037
935 2,9000 0,1916 -0,1916
936 2,9000 0,1037 -0,2503
937 2,9000 0,0000 -0,2709
938 2,9000 -0,1037 -0,2503
939 2,9000 -0,1916 -0,1916
940 2,9000 -0,2503 -0,1037
941 2,9000 -0,2709 -0,0000
942 2,9000 -0,2503 0,1037
943 2,9000 -0,1916 0,1916
944 2,9000 -0,1037 0,2503
945 2,9500 0,0000 0,2538
946 2,9500 0,0971 0,2345
947 2,9500 0,1795 0,1795
948 2,9500 0,2345 0,0971
949 2,9500 0,2538 0,0000
950 2,9500 0,2345 -0,0971
951 2,9500 0,1795 -0,1795
952 2,9500 0,0971 -0,2345
953 2,9500 0,0000 -0,2538
954 2,9500 -0,0971 -0,2345
955 2,9500 -0,1795 -0,1795
956 2,9500 -0,2345 -0,0971
957 2,9500 -0,2538 -0,0000
958 2,9500 -0,2345 0,0971
959 2,9500 -0,1795 0,1795
960 2,9500 -0,0971 0,2345
961 3,0000 0,0000 0,2375
962 3,0000 0,0909 0,2194
963 3,0000 0,1679 0,1679
964 3,0000 0,2194 0,0909
965 3,0000 0,2375 0,0000
966 3,0000 0,2194 -0,0909
967 3,0000 0,1679 -0,1679
968 3,0000 0,0909 -0,2194
969 3,0000 0,0000 -0,2375
970 3,0000 -0,0909 -0,2194
971 3,0000 -0,1679 -0,1679
972 3,0000 -0,2194 -0,0909
973 3,0000 -0,2375 -0,0000
974 3,0000 -0,2194 0,0909
975 3,0000 -0,1679 0,1679
976 3,0000 -0,0909 0,2194
977 3,0500 0,0000 0,2221
978 3,0500 0,0850 0,2052
979 3,0500 0,1571 0,1571
980 3,0500 0,2052 0,0850
981 3,0500 0,2221 0,0000
982 3,0500 0,2052 -0,0850
983 3,0500 0,1571 -0,1571
984 3,0500 0,0850 -0,2052
985 3,0500 0,0000 -0,2221
986 3,0500 -0,0850 -0,2052
987 3,0500 -0,1571 -0,1571
988 3,0500 -0,2052 -0,0850
989 3,0500 -0,2221 -0,0000
990 3,0500 -0,2052 0,0850
991 3,0500 -0,1571 0,1571
992 3,0500 -0,0850 0,2052
993 3,1000 0,0000 0,2079
994 3,1000 0,0796 0,1921
995 3,1000 0,1470 0,1470
996 3,1000 0,1921 0,0796
997 3,1000 0,2079 0,0000
998 3,1000 0,1921 -0,0796
999 3,1000 0,1470 -0,1470
1000 3,1000 0,0796 -0,1921
1001 3,1000 0,0000 -0,2079
1002 3,1000 -0,0796 -0,1921
1003 3,1000 -0,1470 -0,1470
1004 3,1000 -0,1921 -0,0796
1005 3,1000 -0,2079 -0,0000
1006 3,1000 -0,1921 0,0796
1007 3,1000 -0,1470 0,1470
1008 3,1000 -0,0796 0,1921
1009 3,1500 0,0000 0,1949
1010 3,1500 0,0746 0,1801
1011 3,1500 0,1379 0,1379
1012 3,1500 0,1801 0,0746
1013 3,1500 0,1949 0,0000
1014 3,1500 0,1801 -0,0746
1015 3,1500 0,1379 -0,1379
1016 3,1500 0,0746 -0,1801
1017 3,1500 0,0000 -0,1949
1018 3,1500 -0,0746 -0,1801
1019 3,1500 -0,1379 -0,1379
1020 3,1500 -0,1801 -0,0746
1021 3,1500 -0,1949 -0,0000
1022 3,1500 -0,1801 0,0746
1023 3,1500 -0,1379 0,1379
1024 3,1500 -0,0746 0,1801
1025 3,2000 0,0000 0,1834
1026 3,2000 0,0702 0,1695
1027 3,2000 0,1297 0,1297
1028 3,2000 0,1695 0,0702
1029 3,2000 0,1834 0,0000
1030 3,2000 0,1695 -0,0702
1031 3,2000 0,1297 -0,1297
1032 3,2000 0,0702 -0,1695
1033 3,2000 0,0000 -0,1834
1034 3,2000 -0,0702 -0,1695
1035 3,2000 -0,1297 -0,1297
1036 3,2000 -0,1695 -0,0702
1037 3,2000 -0,1834 -0,0000
1038 3,2000 -0,1695 0,0702
1039 3,2000 -0,1297 0,1297
1040 3,2000 -0,0702 0,1695
1041 3,2500 0,0000 0,1734
1042 3,2500 0,0664 0,1602
1043 3,2500 0,1226 0,1226
1044 3,2500 0,1602 0,0664
1045 3,2500 0,1734 0,0000
1046 3,2500 0,1602 -0,0664
1047 3,2500 0,1226 -0,1226
1048 3,2500 0,0664 -0,1602
1049 3,2500 0,0000 -0,1734
1050 3,2500 -0,0664 -0,1602
1051 3,2500 -0,1226 -0,1226
1052 3,2500 -0,1602 -0,0664
1053 3,2500 -0,1734 -0,0000
1054 3,2500 -0,1602 0,0664
1055 3,2500 -0,1226 0,1226
1056 3,2500 -0,0664 0,1602
1057 3,3000 0,0000 0,1651
1058 3,3000 0,0632 0,1526
1059 3,3000 0,1168 0,1168
1060 3,3000 0,1526 0,0632
1061 3,3000 0,1651 0,0000
1062 3,3000 0,1526 -0,0632
1063 3,3000 0,1168 -0,1168
1064 3,3000 0,0632 -0,1526
1065 3,3000 0,0000 -0,1651
1066 3,3000 -0,0632 -0,1526
1067 3,3000 -0,1168 -0,1168
1068 3,3000 -0,1526 -0,0632
1069 3,3000 -0,1651 -0,0000
1070 3,3000 -0,1526 0,0632
1071 3,3000 -0,1168 0,1168
1072 3,3000 -0,0632 0,1526
1073 3,3500 0,0000 0,1586
1074 3,3500 0,0607 0,1465
1075 3,3500 0,1121 0,1121
1076 3,3500 0,1465 0,0607
1077 3,3500 0,1586 0,0000
1078 3,3500 0,1465 -0,0607
1079 3,3500 0,1121 -0,1121
1080 3,3500 0,0607 -0,1465
1081 3,3500 0,0000 -0,1586
1082 3,3500 -0,0607 -0,1465
1083 3,3500 -0,1121 -0,1121
1084 3,3500 -0,1465 -0,0607
1085 3,3500 -0,1586 -0,0000
1086 3,3500 -0,1465 0,0607
1087 3,3500 -0,1121 0,1121
1088 3,3500 -0,0607 0,1465
1089 3,4000 0,0000 0,1538
1090 3,4000 0,0589 0,1421
1091 3,4000 0,1088 0,1088
1092 3,4000 0,1421 0,0589
1093 3,4000 0,1538 0,0000
1094 3,4000 0,1421 -0,0589
1095 3,4000 0,1088 -0,1088
1096 3,4000 0,0589 -0,1421
1097 3,4000 0,0000 -0,1538
1098 3,4000 -0,0589 -0,1421
1099 3,4000 -0,1088 -0,1088
1100 3,4000 -0,1421 -0,0589
1101 3,4000 -0,1538 -0,0000
1102 3,4000 -0,1421 0,0589
1103 3,4000 -0,1088 0,1088
1104 3,4000 -0,0589 0,1421
1105 3,4500 0,0000 0,1510
1106 3,4500 0,0578 0,1395
1107 3,4500 0,1067 0,1067
1108 3,4500 0,1395 0,0578
1109 3,4500 0,1510 0,0000
1110 3,4500 0,1395 -0,0578
1111 3,4500 0,1067 -0,1067
1112 3,4500 0,0578 -0,1395
1113 3,4500 0,0000 -0,1510
1114 3,4500 -0,0578 -0,1395
1115 3,4500 -0,1067 -0,1067
1116 3,4500 -0,1395 -0,0578
1117 3,4500 -0,1510 -0,0000
1118 3,4500 -0,1395 0,0578
1119 3,4500 -0,1067 0,1067
1120 3,4500 -0,0578 0,1395
1121 3,5000 0,0000 0,1500
1122 3,5000 0,0574 0,1386
1123 3,5000 0,1061 0,1061
1124 3,5000 0,1386 0,0574
1125 3,5000 0,1500 0,0000
1126 3,5000 0,1386 -0,0574
1127 3,5000 0,1061 -0,1061
1128 3,5000 0,0574 -0,1386
1129 3,5000 0,0000 -0,1500
1130 3,5000 -0,0574 -0,1386
1131 3,5000 -0,1061 -0,1061
1132 3,5000 -0,1386 -0,0574
1133 3,5000 -0,1500 -0,0000
1134 3,5000 -0,1386 0,0574
1135 3,5000 -0,1061 0,1061
1136 3,5000 -0,0574 0,1386
1137 3,6250 0,0000 0,1500
1138 3,6250 0,0574 0,1386
1139 3,6250 0,1061 0,1061
1140 3,6250 0,1386 0,0574
1141 3,6250 0,1500 0,0000
1142 3,6250 0,1386 -0,0574
1143 3,6250 0,1061 -0,1061
1144 3,6250 0,0574 -0,1386
1145 3,6250 0,0000 -0,1500
1146 3,6250 -0,0574 -0,1386
1147 3,6250 -0,1061 -0,1061
1148 3,6250 -0,1386 -0,0574
1149 3,6250 -0,1500 -0,0000
1150 3,6250 -0,1386 0,0574
1151 3,6250 -0,1061 0,1061
1152 3,6250 -0,0574 0,1386
1153 3,7500 0,0000 0,1500
1154 3,7500 0,0574 0,1386
1155 3,7500 0,1061 0,1061
1156 3,7500 0,1386 0,0574
1157 3,7500 0,1500 0,0000
1158 3,7500 0,1386 -0,0574
1159 3,7500 0,1061 -0,1061
1160 3,7500 0,0574 -0,1386
1161 3,7500 0,0000 -0,1500
1162 3,7500 -0,0574 -0,1386
1163 3,7500 -0,1061 -0,1061
1164 3,7500 -0,1386 -0,0574
1165 3,7500 -0,1500 -0,0000
1166 3,7500 -0,1386 0,0574
1167 3,7500 -0,1061 0,1061
1168 3,7500 -0,0574 0,1386
1169 3,8750 0,0000 0,1500
1170 3,8750 0,0574 0,1386
1171 3,8750 0,1061 0,1061
1172 3,8750 0,1386 0,0574
1173 3,8750 0,1500 0,0000
1174 3,8750 0,1386 -0,0574
1175 3,8750 0,1061 -0,1061
1176 3,8750 0,0574 -0,1386
1177 3,8750 0,0000 -0,1500
1178 3,8750 -0,0574 -0,1386
1179 3,8750 -0,1061 -0,1061
1180 3,8750 -0,1386 -0,0574
1181 3,8750 -0,1500 -0,0000
1182 3,8750 -0,1386 0,0574
1183 3,8750 -0,1061 0,1061
1184 3,8750 -0,0574 0,1386
1185 4,0000 0,0000 0,1500
1186 4,0000 0,0574 0,1386
1187 4,0000 0,1061 0,1061
1188 4,0000 0,1386 0,0574
1189 4,0000 0,1500 0,0000
1190 4,0000 0,1386 -0,0574
1191 4,0000 0,1061 -0,1061
1192 4,0000 0,0574 -0,1386
1193 4,0000 0,0000 -0,1500
1194 4,0000 -0,0574 -0,1386
1195 4,0000 -0,1061 -0,1061
1196 4,0000 -0,1386 -0,0574
1197 4,0000 -0,1500 -0,0000
1198 4,0000 -0,1386 0,0574
1199 4,0000 -0,1061 0,1061
1200 4,0000 -0,0574 0,1386
1201 4,1429 0,0000 0,1470
1202 4,1429 0,0563 0,1358
1203 4,1429 0,1039 0,1039
1204 4,1429 0,1358 0,0563
1205 4,1429 0,1470 0,0000
1206 4,1429 0,1358 -0,0563
1207 4,1429 0,1039 -0,1039
1208 4,1429 0,0563 -0,1358
1209 4,1429 0,0000 -0,1470
1210 4,1429 -0,0563 -0,1358
1211 4,1429 -0,1039 -0,1039
1212 4,1429 -0,1358 -0,0563
1213 4,1429 -0,1470 -0,0000
1214 4,1429 -0,1358 0,0563
1215 4,1429 -0,1039 0,1039
1216 4,1429 -0,0563 0,1358
1217 4,2857 0,0000 0,1380
1218 4,2857 0,0528 0,1275
1219 4,2857 0,0976 0,0976
1220 4,2857 0,1275 0,0528
1221 4,2857 0,1380 0,0000
1222 4,2857 0,1275 -0,0528
1223 4,2857 0,0976 -0,0976
1224 4,2857 0,0528 -0,1275
1225 4,2857 0,0000 -0,1380
1226 4,2857 -0,0528 -0,1275
1227 4,2857 -0,0976 -0,0976
1228 4,2857 -0,1275 -0,0528
1229 4,2857 -0,1380 -0,0000
1230 4,2857 -0,1275 0,0528
1231 4,2857 -0,0976 0,0976
1232 4,2857 -0,0528 0,1275
1233 4,4286 0,0000 0,1229
1234 4,4286 0,0471 0,1136
1235 4,4286 0,0869 0,0869
1236 4,4286 0,1136 0,0471
1237 4,4286 0,1229 0,0000
1238 4,4286 0,1136 -0,0471
1239 4,4286 0,0869 -0,0869
1240 4,4286 0,0471 -0,1136
1241 4,4286 0,0000 -0,1229
1242 4,4286 -0,0471 -0,1136
1243 4,4286 -0,0869 -0,0869
1244 4,4286 -0,1136 -0,0471
1245 4,4286 -0,1229 -0,0000
1246 4,4286 -0,1136 0,0471
1247 4,4286 -0,0869 0,0869
1248 4,4286 -0,0471 0,1136
1249 4,5714 0,0000 0,1018
1250 4,5714 0,0389 0,0940
1251 4,5714 0,0720 0,0720
1252 4,5714 0,0940 0,0389
1253 4,5714 0,1018 0,0000
1254 4,5714 0,0940 -0,0389
1255 4,5714 0,0720 -0,0720
1256 4,5714 0,0389 -0,0940
1257 4,5714 0,0000 -0,1018
1258 4,5714 -0,0389 -0,0940
1259 4,5714 -0,0720 -0,0720
1260 4,5714 -0,0940 -0,0389
1261 4,5714 -0,1018 -0,0000
1262 4,5714 -0,0940 0,0389
1263 4,5714 -0,0720 0,0720
1264 4,5714 -0,0389 0,0940
1265 4,7143 0,0000 0,0743
1266 4,7143 0,0284 0,0687
1267 4,7143 0,0525 0,0525
1268 4,7143 0,0687 0,0284
1269 4,7143 0,0743 0,0000
1270 4,7143 0,0687 -0,0284
1271 4,7143 0,0525 -0,0525
1272 4,7143 0,0284 -0,0687
1273 4,7143 0,0000 -0,0743
1274 4,7143 -0,0284 -0,0687
1275 4,7143 -0,0525 -0,0525
1276 4,7143 -0,0687 -0,0284
1277 4,7143 -0,0743 -0,0000
1278 4,7143 -0,0687 0,0284
1279 4,7143 -0,0525 0,0525
1280 4,7143 -0,0284 0,0687
1281 4,8571 0,0000 0,0405
1282 4,8571 0,0155 0,0374
1283 4,8571 0,0286 0,0286
1284 4,8571 0,0374 0,0155
1285 4,8571 0,0405 0,0000
1286 4,8571 0,0374 -0,0155
1287 4,8571 0,0286 -0,0286
1288 4,8571 0,0155 -0,0374
1289 4,8571 0,0000 -0,0405
1290 4,8571 -0,0155 -0,0374
1291 4,8571 -0,0286 -0,0286
1292 4,8571 -0,0374 -0,0155
1293 4,8571 -0,0405 -0,0000
1294 4,8571 -0,0374 0,0155
1295 4,8571 -0,0286 0,0286
1296 4,8571 -0,0155 0,0374
1297 5,0000 0,0000 0,0000
1298 5,0000 0,0000 0,0000
1299 5,0000 0,0000 0,0000
1300 5,0000 0,0000 0,0000
1301 5,0000 0,0000 0,0000
1302 5,0000 0,0000 -0,0000
1303 5,0000 0,0000 -0,0000
1304 5,0000 0,0000 -0,0000
1305 5,0000 0,0000 -0,0000
1306 5,0000 -0,0000 -0,0000
1307 5,0000 -0,0000 -0,0000
1308 5,0000 -0,0000 -0,0000
1309 5,0000 -0,0000 -0,0000
1310 5,0000 -0,0000 0,0000
1311 5,0000 -0,0000 0,0000
1312 5,0000 -0,0000 0,0000

1296 4 0
1 1 2 18 17
2 2 3 19 18
3 3 4 20 19
4 4 5 21 20
5 5 6 22 21
6 6 7 23 22
7 7 8 24 23
8 8 9 25 24
9 9 10 26 25
10 10 11 27 26
11 11 12 28 27
12 12 13 29 28
13 13 14 30 29
14 14 15 31 30
15 15 16 32 31
16 16 1 17 32
17 17 18 34 33
18 18 19 35 34
19 19 20 36 35
20 20 21 37 36
21 21 22 38 37
22 22 23 39 38
23 23 24 40 39
24 24 25 41 40
25 25 26 42 41
26 26 27 43 42
27 27 28 44 43
28 28 29 45 44
29 29 30 46 45
30 30 31 47 46
31 31 32 48 47
32 32 17 33 48
33 33 34 50 49
34 34 35 51 50
35 35 36 52 51
36 36 37 53 52
37 37 38 54 53
38 38 39 55 54
39 39 40 56 55
40 40 41 57 56
41 41 42 58 57
42 42 43 59 58
43 43 44 60 59
44 44 45 61 60
45 45 46 62 61
46 46 47 63 62
47 47 48 64 63
48 48 33 49 64
49 49 50 66 65
50 50 51 67 66
51 51 52 68 67
52 52 53 69 68
53 53 54 70 69
54 54 55 71 70
55 55 56 72 71
56 56 57 73 72
57 57 58 74 73
58 58 59 75 74
59 59 60 76 75
60 60 61 77 76
61 61 62 78 77
62 62 63 79 78
63 63 64 80 79
64 64 49 65 80
65 65 66 82 81
66 66 67 83 82
67 67 68 84 83
68 68 69 85 84
69 69 70 86 85
70 70 71 87 86
71 71 72 88 87
72 72 73 89 88
73 73 74 90 89
74 74 75 91 90
75 75 76 92 91
76 76 77 93 92
77 77 78 94 93
78 78 79 95 94
79 79 80 96 95
80 80 65 81 96
81 81 82 98 97
82 82 83 99 98
83 83 84 100 99
84 84 85 101 100
85 85 86 102 101
86 86 87 103 102
87 87 88 104 103
88 88 89 105 104
89 89 90 106 105
90 90 91 107 106
91 91 92 108 107
92 92 93 109 108
93 93 94 110 109
94 94 95 111 110
95 95 96 112 111
96 96 81 97 112
97 97 98 114 113
98 98 99 115 114
99 99 100 116 115
100 100 101 117 116
101 101 102 118 117
102 102 103 119 118
103 103 104 120 119
104 104 105 121 120
105 105 106 122 121
106 106 107 123 122
107 107 108 124 123
108 108 109 125 124
109 109 110 126 125
110 110 111 127 126
111 111 112 128 127
112 112 97 113 128
113 113 114 130 129
114 114 115 131 130
115 115 116 132 131
116 116 117 133 132
117 117 118 134 133
118 118 119 135 134
119 119 120 136 135
120 120 121 137 136
121 121 122 138 137
122 122 123 139 138
123 123 124 140 139
124 124 125 141 140
125 125 126 142 141
126 126 127 143 142
127 127 128 144 143
128 128 113 129 144
129 129 130 146 145
130 130 131 147 146
131 131 132 148 147
132 132 133 149 148
133 133 134 150 149
134 134 135 151 150
135 135 136 152 151
136 136 137 153 152
137 137 138 154 153
138 138 139 155 154
139 139 140 156 155
140 140 141 157 156
141 141 142 158 157
142 142 143 159 158
143 143 144 160 159
144 144 129 145 160
145 145 146 162 161
146 146 147 163 162
147 147 148 164 163
148 148 149 165 164
149 149 150 166 165
150 150 151 167 166
151 151 152 168 167
152 152 153 169 168
153 153 154 170 169
154 154 155 171 170
155 155 156 172 171
156 156 157 173 172
157 157 158 174 173
158 158 159 175 174
159 159 160 176 175
160 160 145 161 176
161 161 162 178 177
162 162 163 179 178
163 163 164 180 179
164 164 165 181 180
165 165 166 182 181
166 166 167 183 182
167 167 168 184 183
168 168 169 185 184
169 169 170 186 185
170 170 171 187 186
171 171 172 188 187
172 172 173 189 188
173 173 174 190 189
174 174 175 191 190
175 175 176 192 191
176 176 161 177 192
177 177 178 194 193
178 178 179 195 194
179 179 180 196 195
180 180 181 197 196
181 181 182 198 197
182 182 183 199 198
183 183 184 200 199
184 184 185 201 200
185 185 186 202 201
186 186 187 203 202
187 187 188 204 203
188 188 189 205 204
189 189 190 206 205
190 190 191 207 206
191 191 192 208 207
192 192 177 193 208
193 193 194 210 209
194 194 195 211 210
195 195 196 212 211
196 196 197 213 212
197 197 198 214 213
198 198 199 215 214
199 199 200 216 215
200 200 201 217 216
201 201 202 218 217
202 202 203 219 218
203 203 204 220 219
204 204 205 221 220
205 205 206 222 221
206 206 207 223 222
207 207 208 224 223
208 208 193 209 224
209 209 210 226 225
210 210 211 227 226
211 211 212 228 227
212 212 213 229 228
213 213 214 230 229
214 214 215 231 230
215 215 216 232 231
216 216 217 233 232
217 217 218 234 233
218 218 219 235 234
219 219 220 236 235
220 220 221 237 236
221 221 222 238 237
222 222 223 239 238
223 223 224 240 239
224 224 209 225 240
225 225 226 242 241
226 226 227 243 242
227 227 228 244 243
228 228 229 245 244
229 229 230 246 245
230 230 231 247 246
231 231 232 248 247
232 232 233 249 248
233 233 234 250 249
234 234 235 251 250
235 235 236 252 251
236 236 237 253 252
237 237 238 254 253
238 238 239 255 254
239 239 240 256 255
240 240 225 241 256
241 241 242 258 257
242 242 243 259 258
243 243 244 260 259
244 244 245 261 260
245 245 246 262 261
246 246 247 263 262
247 247 248 264 263
248 248 249 265 264
249 249 250 266 265
250 250 251 267 266
251 251 252 268 267
252 252 253 269 268
253 253 254 270 269
254 254 255 271 270
255 255 256 272 271
256 256 241 257 272
257 257 258 274 273
258 258 259 275 274
259 259 260 276 275
260 260 261 277 276
261 261 262 278 277
262 262 263 279 278
263 263 264 280 279
264 264 265 281 280
265 265 266 282 281
266 266 267 283 282
267 267 268 284 283
268 268 269 285 284
269 269 270 286 285
270 270 271 287 286
271 271 272 288 287
272 272 257 273 288
273 273 274 290 289
274 274 275 291 290
275 275 276 292 291
276 276 277 293 292
277 277 278 294 293
278 278 279 295 294
279 279 280 296 295
280 280 281 297 296
281 281 282 298 297
282 282 283 299 298
283 283 284 300 299
284 284 285 301 300
285 285 286 302 301
286 286 287 303 302
287 287 288 304 303
288 288 273 289 304
289 289 290 306 305
290 290 291 307 306
291 291 292 308 307
292 292 293 309 308
293 293 294 310 309
294 294 295 311 310
295 295 296 312 311
296 296 297 313 312
297 297 298 314 313
298 298 299 315 314
299 299 300 316 315
300 300 301 317 316
301 301 302 318 317
302 302 303 319 318
303 303 304 320 319
304 304 289 305 320
305 305 306 322 321
306 306 307 323 322
307 307 308 324 323
308 308 309 325 324
309 309 310 326 325
310 310 311 327 326
311 311 312 328 327
312 312 313 329 328
313 313 314 330 329
314 314 315 331 330
315 315 316 332 331
316 316 317 333 332
317 317 318 334 333
318 318 319 335 334
319 319 320 336 335
320 320 305 321 336
321 321 322 338 337
322 322 323 339 338
323 323 324 340 339
324 324 325 341 340
325 325 326 342 341
326 326 327 343 342
327 327 328 344 343
328 328 329 345 344
329 329 330 346 345
330 330 331 347 346
331 331 332 348 347
332 332 333 349 348
333 333 334 350 349
334 334 335 351 350
335 335 336 352 351
336 336 321 337 352
337 337 338 354 353
338 338 339 355 354
339 339 340 356 355
340 340 341 357 356
341 341 342 358 357
342 342 343 359 358
343 343 344 360 359
344 344 345 361 360
345 345 346 362 361
346 346 347 363 362
347 347 348 364 363
348 348 349 365 364
349 349 350 366 365
350 350 351 367 366
351 351 352 368 367
352 352 337 353 368
353 353 354 370 369
354 354 355 371 370
355 355 356 372 371
356 356 357 373 372
357 357 358 374 373
358 358 359 375 374
359 359 360 376 375
360 360 361 377 376
361 361 362 378 377
362 362 363 379 378
363 363 364 380 379
364 364 365 381 380
365 365 366 382 381
366 366 367 383 382
367 367 368 384 383
368 368 353 369 384
369 369 370 386 385
370 370 371 387 386
371 371 372 388 387
372 372 373 389 388
373 373 374 390 389
374 374 375 391 390
375 375 376 392 391
376 376 377 393 392
377 377 378 394 393
378 378 379 395 394
379 379 380 396 395
380 380 381 397 396
381 381 382 398 397
382 382 383 399 398
383 383 384 400 399
384 384 369 385 400
385 385 386 402 401
386 386 387 403 402
387 387 388 404 403
388 388 389 405 404
389 389 390 406 405
390 390 391 407 406
391 391 392 408 407
392 392 393 409 408
393 393 394 410 409
394 394 395 411 410
395 395 396 412 411
396 396 397 413 412
397 397 398 414 413
398 398 399 415 414
399 399 400 416 415
400 400 385 401 416
401 401 402 418 417
402 402 403 419 418
403 403 404 420 419
404 404 405 421 420
405 405 406 422 421
406 406 407 423 422
407 407 408 424 423
408 408 409 425 424
409 409 410 426 425
410 410 411 427 426
411 411 412 428 427
412 412 413 429 428
413 413 414 430 429
414 414 415 431 430
415 415 416 432 431
416 416 401 417 432
417 417 418 434 433
418 418 419 435 434
419 419 420 436 435
420 420 421 437 436
421 421 422 438 437
422 422 423 439 438
423 423 424 440 439
424 424 425 441 440
425 425 426 442 441
426 426 427 443 442
427 427 428 444 443
428 428 429 445 444
429 429 430 446 445
430 430 431 447 446
431 431 432 448 447
432 432 417 433 448
433 433 434 450 449
434 434 435 451 450
435 435 436 452 451
436 436 437 453 452
437 437 438 454 453
438 438 439 455 454
439 439 440 456 455
440 440 441 457 456
441 441 442 458 457
442 442 443 459 458
443 443 444 460 459
444 444 445 461 460
445 445 446 462 461
446 446 447 463 462
447 447 448 464 463
448 448 433 449 464
449 449 450 466 465
450 450 451 467 466
451 451 452 468 467
452 452 453 469 468
453 453 454 470 469
454 454 455 471 470
455 455 456 472 471
456 456 457 473 472
457 457 458 474 473
458 458 459 475 474
459 459 460 476 475
460 460 461 477 476
461 461 462 478 477
462 462 463 479 478
463 463 464 480 479
464 464 449 465 480
465 465 466 482 481
466 466 467 483 482
467 467 468 484 483
468 468 469 485 484
469 469 470 486 485
470 470 471 487 486
471 471 472 488 487
472 472 473 489 488
473 473 474 490 489
474 474 475 491 490
475 475 476 492 491
476 476 477 493 492
477 477 478 494 493
478 478 479 495 494
479 479 480 496 495
480 480 465 481 496
481 481 482 498 497
482 482 483 499 498
483 483 484 500 499
484 484 485 501 500
485 485 486 502 501
486 486 487 503 502
487 487 488 504 503
488 488 489 505 504
489 489 490 506 505
490 490 491 507 506
491 491 492 508 507
492 492 493 509 508
493 493 494 510 509
494 494 495 511 510
495 495 496 512 511
496 496 481 497 512
497 497 498 514 513
498 498 499 515 514
499 499 500 516 515
500 500 501 517 516
501 501 502 518 517
502 502 503 519 518
503 503 504 520 519
504 504 505 521 520
505 505 506 522 521
506 506 507 523 522
507 507 508 524 523
508 508 509 525 524
509 509 510 526 525
510 510 511 527 526
511 511 512 528 527
512 512 497 513 528
513 513 514 530 529
514 514 515 531 530
515 515 516 532 531
516 516 517 533 532
517 517 518 534 533
518 518 519 535 534
519 519 520 536 535
520 520 521 537 536
521 521 522 538 537
522 522 523 539 538
523 523 524 540 539
524 524 525 541 540
525 525 526 542 541
526 526 527 543 542
527 527 528 544 543
528 528 513 529 544
529 529 530 546 545
530 530 531 547 546
531 531 532 548 547
532 532 533 549 548
533 533 534 550 549
534 534 535 551 550
535 535 536 552 551
536 536 537 553 552
537 537 538 554 553
538 538 539 555 554
539 539 540 556 555
540 540 541 557 556
541 541 542 558 557
542 542 543 559 558
543 543 544 560 559
544 544 529 545 560
545 545 546 562 561
546 546 547 563 562
547 547 548 564 563
548 548 549 565 564
549 549 550 566 565
550 550 551 567 566
551 551 552 568 567
552 552 553 569 568
553 553 554 570 569
554 554 555 571 570
555 555 556 572 571
556 556 557 573 572
557 557 558 574 573
558 558 559 575 574
559 559 560 576 575
560 560 545 561 576
561 561 562 578 577
562 562 563 579 578
563 563 564 580 579
564 564 565 581 580
565 565 566 582 581
566 566 567 583 582
567 567 568 584 583
568 568 569 585 584
569 569 570 586 585
570 570 571 587 586
571 571 572 588 587
572 572 573 589 588
573 573 574 590 589
574 574 575 591 590
575 575 576 592 591
576 576 561 577 592
577 577 578 594 593
578 578 579 595 594
579 579 580 596 595
580 580 581 597 596
581 581 582 598 597
582 582 583 599 598
583 583 584 600 599
584 584 585 601 600
585 585 586 602 601
586 586 587 603 602
587 587 588 604 603
588 588 589 605 604
589 589 590 606 605
590 590 591 607 606
591 591 592 608 607
592 592 577 593 608
593 593 594 610 609
594 594 595 611 610
595 595 596 612 611
596 596 597 613 612
597 597 598 614 613
598 598 599 615 614
599 599 600 616 615
600 600 601 617 616
601 601 602 618 617
602 602 603 619 618
603 603 604 620 619
604 604 605 621 620
605 605 606 622 621
606 606 607 623 622
607 607 608 624 623
608 608 593 609 624
609 609 610 626 625
610 610 611 627 626
611 611 612 628 627
612 612 613 629 628
613 613 614 630 629
614 614 615 631 630
615 615 616 632 631
616 616 617 633 632
617 617 618 634 633
618 618 619 635 634
619 619 620 636 635
620 620 621 637 636
621 621 622 638 637
622 622 623 639 638
623 623 624 640 639
624 624 609 625 640
625 625 626 642 641
626 626 627 643 642
627 627 628 644 643
628 628 629 645 644
629 629 630 646 645
630 630 631 647 646
631 631 632 648 647
632 632 633 649 648
633 633 634 650 649
634 634 635 651 650
635 635 636 652 651
636 636 637 653 652
637 637 638 654 653
638 638 639 655 654
639 639 640 656 655
640 640 625 641 656
641 641 642 658 657
642 642 643 659 658
643 643 644 660 659
644 644 645 661 660
645 645 646 662 661
646 646 647 663 662
647 647 648 664 663
648 648 649 665 664
649 649 650 666 665
650 650 651 667 666
651 651 652 668 667
652 652 653 669 668
653 653 654 670 669
654 654 655 671 670
655 655 656 672 671
656 656 641 657 672
657 657 658 674 673
658 658 659 675 674
659 659 660 676 675
660 660 661 677 676
661 661 662 678 677
662 662 663 679 678
663 663 664 680 679
664 664 665 681 680
665 665 666 682 681
666 666 667 683 682
667 667 668 684 683
668 668 669 685 684
669 669 670 686 685
670 670 671 687 686
671 671 672 688 687
672 672 657 673 688
673 673 674 690 689
674 674 675 691 690
675 675 676 692 691
676 676 677 693 692
677 677 678 694 693
678 678 679 695 694
679 679 680 696 695
680 680 681 697 696
681 681 682 698 697
682 682 683 699 698
683 683 684 700 699
684 684 685 701 700
685 685 686 702 701
686 686 687 703 702
687 687 688 704 703
688 688 673 689 704
689 689 690 706 705
690 690 691 707 706
691 691 692 708 707
692 692 693 709 708
693 693 694 710 709
694 694 695 711 710
695 695 696 712 711
696 696 697 713 712
697 697 698 714 713
698 698 699 715 714
699 699 700 716 715
700 700 701 717 716
701 701 702 718 717
702 702 703 719 718
703 703 704 720 719
704 704 689 705 720
705 705 706 722 721
706 706 707 723 722
707 707 708 724 723
708 708 709 725 724
709 709 710 726 725
710 710 711 727 726
711 711 712 728 727
712 712 713 729 728
713 713 714 730 729
714 714 715 731 730
715 715 716 732 731
716 716 717 733 732
717 717 718 734 733
718 718 719 735 734
719 719 720 736 735
720 720 705 721 736
721 721 722 738 737
722 722 723 739 738
723 723 724 740 739
724 724 725 741 740
725 725 726 742 741
726 726 727 743 742
727 727 728 744 743
728 728 729 745 744
729 729 730 746 745
730 730 731 747 746
731 731 732 748 747
732 732 733 749 748
733 733 734 750 749
734 734 735 751 750
735 735 736 752 751
736 736 721 737 752
737 737 738 754 753
738 738 739 755 754
739 739 740 756 755
740 740 741 757 756
741 741 742 758 757
742 742 743 759 758
743 743 744 760 759
744 744 745 761 760
745 745 746 762 761
746 746 747 763 762
747 747 748 764 763
748 748 749 765 764
749 749 750 766 765
750 750 751 767 766
751 751 752 768 767
752 752 737 753 768
753 753 754 770 769
754 754 755 771 770
755 755 756 772 771
756 756 757 773 772
757 757 758 774 773
758 758 759 775 774
759 759 760 776 775
760 760 761 777 776
761 761 762 778 777
762 762 763 779 778
763 763 764 780 779
764 764 765 781 780
765 765 766 782 781
766 766 767 783 782
767 767 768 784 783
768 768 753 769 784
769 769 770 786 785
770 770 771 787 786
771 771 772 788 787
772 772 773 789 788
773 773 774 790 789
774 774 775 791 790
775 775 776 792 791
776 776 777 793 792
777 777 778 794 793
778 778 779 795 794
779 779 780 796 795
780 780 781 797 796
781 781 782 798 797
782 782 783 799 798
783 783 784 800 799
784 784 769 785 800
785 785 786 802 801
786 786 787 803 802
787 787 788 804 803
788 788 789 805 804
789 789 790 806 805
790 790 791 807 806
791 791 792 808 807
792 792 793 809 808
793 793 794 810 809
794 794 795 811 810
795 795 796 812 811
796 796 797 813 812
797 797 798 814 813
798 798 799 815 814
799 799 800 816 815
800 800 785 801 816
801 801 802 818 817
802 802 803 819 818
803 803 804 820 819
804 804 805 821 820
805 805 806 822 821
806 806 807 823 822
807 807 808 824 823
808 808 809 825 824
809 809 810 826 825
810 810 811 827 826
811 811 812 828 827
812 812 813 829 828
813 813 814 830 829
814 814 815 831 830
815 815 816 832 831
816 816 801 817 832
817 817 818 834 833
818 818 819 835 834
819 819 820 836 835
820 820 821 837 836
821 821 822 838 837
822 822 823 839 838
823 823 824 840 839
824 824 825 841 840
825 825 826 842 841
826 826 827 843 842
827 827 828 844 843
828 828 829 845 844
829 829 830 846 845
830 830 831 847 846
831 831 832 848 847
832 832 817 833 848
833 833 834 850 849
834 834 835 851 850
835 835 836 852 851
836 836 837 853 852
837 837 838 854 853
838 838 839 855 854
839 839 840 856 855
840 840 841 857 856
841 841 842 858 857
842 842 843 859 858
843 843 844 860 859
844 844 845 861 860
845 845 846 862 861
846 846 847 863 862
847 847 848 864 863
848 848 833 849 864
849 849 850 866 865
850 850 851 867 866
851 851 852 868 867
852 852 853 869 868
853 853 854 870 869
854 854 855 871 870
855 855 856 872 871
856 856 857 873 872
857 857 858 874 873
858 858 859 875 874
859 859 860 876 875
860 860 861 877 876
861 861 862 878 877
862 862 863 879 878
863 863 864 880 879
864 864 849 865 880
865 865 866 882 881
866 866 867 883 882
867 867 868 884 883
868 868 869 885 884
869 869 870 886 885
870 870 871 887 886
871 871 872 888 887
872 872 873 889 888
873 873 874 890 889
874 874 875 891 890
875 875 876 892 891
876 876 877 893 892
877 877 878 894 893
878 878 879 895 894
879 879 880 896 895
880 880 865 881 896
881 881 882 898 897
882 882 883 899 898
883 883 884 900 899
884 884 885 901 900
885 885 886 902 901
886 886 887 903 902
887 887 888 904 903
888 888 889 905 904
889 889 890 906 905
890 890 891 907 906
891 891 892 908 907
892 892 893 909 908
893 893 894 910 909
894 894 895 911 910
895 895 896 912 911
896 896 881 897 912
897 897 898 914 913
898 898 899 915 914
899 899 900 916 915
900 900 901 917 916
901 901 902 918 917
902 902 903 919 918
903 903 904 920 919
904 904 905 921 920
905 905 906 922 921
906 906 907 923 922
907 907 908 924 923
908 908 909 925 924
909 909 910 926 925
910 910 911 927 926
911 911 912 928 927
912 912 897 913 928
913 913 914 930 929
914 914 915 931 930
915 915 916 932 931
916 916 917 933 932
917 917 918 934 933
918 918 919 935 934
919 919 920 936 935
920 920 921 937 936
921 921 922 938 937
922 922 923 939 938
923 923 924 940 939
924 924 925 941 940
925 925 926 942 941
926 926 927 943 942
927 927 928 944 943
928 928 913 929 944
929 929 930 946 945
930 930 931 947 946
931 931 932 948 947
932 932 933 949 948
933 933 934 950 949
934 934 935 951 950
935 935 936 952 951
936 936 937 953 952
937 937 938 954 953
938 938 939 955 954
939 939 940 956 955
940 940 941 957 956
941 941 942 958 957
942 942 943 959 958
943 943 944 960 959
944 944 929 945 960
945 945 946 962 961
946 946 947 963 962
947 947 948 964 963
948 948 949 965 964
949 949 950 966 965
950 950 951 967 966
951 951 952 968 967
952 952 953 969 968
953 953 954 970 969
954 954 955 971 970
955 955 956 972 971
956 956 957 973 972
957 957 958 974 973
958 958 959 975 974
959 959 960 976 975
960 960 945 961 976
961 961 962 978 977
962 962 963 979 978
963 963 964 980 979
964 964 965 981 980
965 965 966 982 981
966 966 967 983 982
967 967 968 984 983
968 968 969 985 984
969 969 970 986 985
970 970 971 987 986
971 971 972 988 987
972 972 973 989 988
973 973 974 990 989
974 974 975 991 990
975 975 976 992 991
976 976 961 977 992
977 977 978 994 993
978 978 979 995 994
979 979 980 996 995
980 980 981 997 996
981 981 982 998 997
982 982 983 999 998
983 983 984 1000 999
984 984 985 1001 1000
985 985 986 1002 1001
986 986 987 1003 1002
987 987 988 1004 1003
988 988 989 1005 1004
989 989 990 1006 1005
990 990 991 1007 1006
991 991 992 1008 1007
992 992 977 993 1008
993 993 994 1010 1009
994 994 995 1011 1010
995 995 996 1012 1011
996 996 997 1013 1012
997 997 998 1014 1013
998 998 999 1015 1014
999 999 1000 1016 1015
1000 1000 1001 1017 1016
1001 1001 1002 1018 1017
1002 1002 1003 1019 1018
1003 1003 1004 1020 1019
1004 1004 1005 1021 1020
1005 1005 1006 1022 1021
1006 1006 1007 1023 1022
1007 1007 1008 1024 1023
1008 1008 993 1009 1024
1009 1009 1010 1026 1025
1010 1010 1011 1027 1026
1011 1011 1012 1028 1027
1012 1012 1013 1029 1028
1013 1013 1014 1030 1029
1014 1014 1015 1031 1030
1015 1015 1016 1032 1031
1016 1016 1017 1033 1032
1017 1017 1018 1034 1033
1018 1018 1019 1035 1034
1019 1019 1020 1036 1035
1020 1020 1021 1037 1036
1021 1021 1022 1038 1037
1022 1022 1023 1039 1038
1023 1023 1024 1040 1039
1024 1024 1009 1025 1040
1025 1025 1026 1042 1041
1026 1026 1027 1043 1042
1027 1027 1028 1044 1043
1028 1028 1029 1045 1044
1029 1029 1030 1046 1045
1030 1030 1031 1047 1046
1031 1031 1032 1048 1047
1032 1032 1033 1049 1048
1033 1033 1034 1050 1049
1034 1034 1035 1051 1050
1035 1035 1036 1052 1051
1036 1036 1037 1053 1052
1037 1037 1038 1054 1053
1038 1038 1039 1055 1054
1039 1039 1040 1056 1055
1040 1040 1025 1041 1056
1041 1041 1042 1058 1057
1042 1042 1043 1059 1058
1043 1043 1044 1060 1059
1044 1044 1045 1061 1060
1045 1045 1046 1062 1061
1046 1046 1047 1063 1062
1047 1047 1048 1064 1063
1048 1048 1049 1065 1064
1049 1049 1050 1066 1065
1050 1050 1051 1067 1066
1051 1051 1052 1068 1067
1052 1052 1053 1069 1068
1053 1053 1054 1070 1069
1054 1054 1055 1071 1070
1055 1055 1056 1072 1071
1056 1056 1041 1057 1072
1057 1057 1058 1074 1073
1058 1058 1059 1075 1074
1059 1059 1060 1076 1075
1060 1060 1061 1077 1076
1061 1061 1062 1078 1077
1062 1062 1063 1079 1078
1063 1063 1064 1080 1079
1064 1064 1065 1081 1080
1065 1065 1066 1082 1081
1066 1066 1067 1083 1082
1067 1067 1068 1084 1083
1068 1068 1069 1085 1084
1069 1069 1070 1086 1085
1070 1070 1071 1087 1086
1071 1071 1072 1088 1087
1072 1072 1057 1073 1088
1073 1073 1074 1090 1089
1074 1074 1075 1091 1090
1075 1075 1076 1092 1091
1076 1076 1077 1093 1092
1077 1077 1078 1094 1093
1078 1078 1079 1095 1094
1079 1079 1080 1096 1095
1080 1080 1081 1097 1096
1081 1081 1082 1098 1097
1082 1082 1083 1099 1098
1083 1083 1084 1100 1099
1084 1084 1085 1101 1100
1085 1085 1086 1102 1101
1086 1086 1087 1103 1102
1087 1087 1088 1104 1103
1088 1088 1073 1089 1104
1089 1089 1090 1106 1105
1090 1090 1091 1107 1106
1091 1091 1092 1108 1107
1092 1092 1093 1109 1108
1093 1093 1094 1110 1109
1094 1094 1095 1111 1110
1095 1095 1096 1112 1111
1096 1096 1097 1113 1112
1097 1097 1098 1114 1113
1098 1098 1099 1115 1114
1099 1099 1100 1116 1115
1100 1100 1101 1117 1116
1101 1101 1102 1118 1117
1102 1102 1103 1119 1118
1103 1103 1104 1120 1119
1104 1104 1089 1105 1120
1105 1105 1106 1122 1121
1106 1106 1107 1123 1122
1107 1107 1108 1124 1123
1108 1108 1109 1125 1124
1109 1109 1110 1126 1125
1110 1110 1111 1127 1126
1111 1111 1112 1128 1127
1112 1112 1113 1129 1128
1113 1113 1114 1130 1129
1114 1114 1115 1131 1130
1115 1115 1116 1132 1131
1116 1116 1117 1133 1132
1117 1117 1118 1134 1133
1118 1118 1119 1135 1134
1119 1119 1120 1136 1135
1120 1120 1105 1121 1136
1121 1121 1122 1138 1137
1122 1122 1123 1139 1138
1123 1123 1124 1140 1139
1124 1124 1125 1141 1140
1125 1125 1126 1142 1141
1126 1126 1127 1143 1142
1127 1127 1128 1144 1143
1128 1128 1129 1145 1144
1129 1129 1130 1146 1145
1130 1130 1131 1147 1146
1131 1131 1132 1148 1147
1132 1132 1133 1149 1148
1133 1133 1134 1150 1149
1134 1134 1135 1151 1150
1135 1135 1136 1152 1151
1136 1136 1121 1137 1152
1137 1137 1138 1154 1153
1138 1138 1139 1155 1154
1139 1139 1140 1156 1155
1140 1140 1141 1157 1156
1141 1141 1142 1158 1157
1142 1142 1143 1159 1158
1143 1143 1144 1160 1159
1144 1144 1145 1161 1160
1145 1145 1146 1162 1161
1146 1146 1147 1163 1162
1147 1147 1148 1164 1163
1148 1148 1149 1165 1164
1149 1149 1150 1166 1165
1150 1150 1151 1167 1166
1151 1151 1152 1168 1167
1152 1152 1137 1153 1168
1153 1153 1154 1170 1169
1154 1154 1155 1171 1170
1155 1155 1156 1172 1171
1156 1156 1157 1173 1172
1157 1157 1158 1174 1173
1158 1158 1159 1175 1174
1159 1159 1160 1176 1175
1160 1160 1161 1177 1176
1161 1161 1162 1178 1177
1162 1162 1163 1179 1178
1163 1163 1164 1180 1179
1164 1164 1165 1181 1180
1165 1165 1166 1182 1181
1166 1166 1167 1183 1182
1167 1167 1168 1184 1183
1168 1168 1153 1169 1184
1169 1169 1170 1186 1185
1170 1170 1171 1187 1186
1171 1171 1172 1188 1187
1172 1172 1173 1189 1188
1173 1173 1174 1190 1189
1174 1174 1175 1191 1190
1175 1175 1176 1192 1191
1176 1176 1177 1193 1192
1177 1177 1178 1194 1193
1178 1178 1179 1195 1194
1179 1179 1180 1196 1195
1180 1180 1181 1197 1196
1181 1181 1182 1198 1197
1182 1182 1183 1199 1198
1183 1183 1184 1200 1199
1184 1184 1169 1185 1200
1185 1185 1186 1202 1201
1186 1186 1187 1203 1202
1187 1187 1188 1204 1203
1188 1188 1189 1205 1204
1189 1189 1190 1206 1205
1190 1190 1191 1207 1206
1191 1191 1192 1208 1207
1192 1192 1193 1209 1208
1193 1193 1194 1210 1209
1194 1194 1195 1211 1210
1195 1195 1196 1212 1211
1196 1196 1197 1213 1212
1197 1197 1198 1214 1213
1198 1198 1199 1215 1214
1199 1199 1200 1216 1215
1200 1200 1185 1201 1216
1201 1201 1202 1218 1217
1202 1202 1203 1219 1218
1203 1203 1204 1220 1219
1204 1204 1205 1221 1220
1205 1205 1206 1222 1221
1206 1206 1207 1223 1222
1207 1207 1208 1224 1223
1208 1208 1209 1225 1224
1209 1209 1210 1226 1225
1210 1210 1211 1227 1226
1211 1211 1212 1228 1227
1212 1212 1213 1229 1228
1213 1213 1214 1230 1229
1214 1214 1215 1231 1230
1215 1215 1216 1232 1231
1216 1216 1201 1217 1232
1217 1217 1218 1234 1233
1218 1218 1219 1235 1234
1219 1219 1220 1236 1235
1220 1220 1221 1237 1236
1221 1221 1222 1238 1237
1222 1222 1223 1239 1238
1223 1223 1224 1240 1239
1224 1224 1225 1241 1240
1225 1225 1226 1242 1241
1226 1226 1227 1243 1242
1227 1227 1228 1244 1243
1228 1228 1229 1245 1244
1229 1229 1230 1246 1245
1230 1230 1231 1247 1246
1231 1231 1232 1248 1247
1232 1232 1217 1233 1248
1233 1233 1234 1250 1249
1234 1234 1235 1251 1250
1235 1235 1236 1252 1251
1236 1236 1237 1253 1252
1237 1237 1238 1254 1253
1238 1238 1239 1255 1254
1239 1239 1240 1256 1255
1240 1240 1241 1257 1256
1241 1241 1242 1258 1257
1242 1242 1243 1259 1258
1243 1243 1244 1260 1259
1244 1244 1245 1261 1260
1245 1245 1246 1262 1261
1246 1246 1247 1263 1262
1247 1247 1248 1264 1263
1248 1248 1233 1249 1264
1249 1249 1250 1266 1265
1250 1250 1251 1267 1266
1251 1251 1252 1268 1267
1252 1252 1253 1269 1268
1253 1253 1254 1270 1269
1254 1254 1255 1271 1270
1255 1255 1256 1272 1271
1256 1256 1257 1273 1272
1257 1257 1258 1274 1273
1258 1258 1259 1275 1274
1259 1259 1260 1276 1275
1260 1260 1261 1277 1276
1261 1261 1262 1278 1277
1262 1262 1263 1279 1278
1263 1263 1264 1280 1279
1264 1264 1249 1265 1280
1265 1265 1266 1282 1281
1266 1266 1267 1283 1282
1267 1267 1268 1284 1283
1268 1268 1269 1285 1284
1269 1269 1270 1286 1285
1270 1270 1271 1287 1286
1271 1271 1272 1288 1287
1272 1272 1273 1289 1288
1273 1273 1274 1290 1289
1274 1274 1275 1291 1290
1275 1275 1276 1292 1291
1276 1276 1277 1293 1292
1277 1277 1278 1294 1293
1278 1278 1279 1295 1294
1279 1279 1280 1296 1295
1280 1280 1265 1281 1296
1281 1281 1282 1298 1297
1282 1282 1283 1299 1298
1283 1283 1284 1300 1299
1284 1284 1285 1301 1300
1285 1285 1286 1302 1301
1286 1286 1287 1303 1302
1287 1287 1288 1304 1303
1288 1288 1289 1305 1304
1289 1289 1290 1306 1305
1290 1290 1291 1307 1306
1291 1291 1292 1308 1307
1292 1292 1293 1309 1308
1293 1293 1294 1310 1309
1294 1294 1295 1311 1310
1295 1295 1296 1312 1311
1296 1296 1281 1297 1312
